{"radius":1000.0,
"detX":323.7443709670646,
"detY":694.2720440148838,
"detRot":50.0,
"xtalX":906.30778703665,
"minusX":-10.427682974136019,
"minusY":4.862508427652206,
"minusPitch":24.6263206930182,
"minusRot":-10.572406178493534,
"centreY":0.0,
"centrePitch":25.0,
"centreRot":0.0,
"plusX":-10.427682974136019,
"plusY":4.862508427652206,
"plusPitch":24.6263206930182,
"plusRot":10.572406178493534}