{"minusX":956.1573357977641,
"minusY":2.617459138416109,
"minusRot":-8.736960705536742,
"minusPitch":14.833657613052438,
"centreX":965.9258262890684,
"centreY":2.842170943040401E-14,
"centreRot":0.0,
"centrePitch":14.999999999999996,
"plusX":956.1573357977641,
"plusY":2.617459138416109,
"plusRot":8.736960705536742,
"plusPitch":14.833657613052438,
"detX":129.40952255126032,
"detY":482.9629131445341,
"detRot":30.0}