{"minusX":929.6450116503111,
"minusY":3.657030650898548,
"minusRot":-9.48814207974177,
"minusPitch":19.747682557826874,
"centreX":939.6926207859082,
"centreY":0.0,
"centreRot":0.0,
"centrePitch":20.000000000000004,
"plusX":929.6450116503111,
"plusY":3.657030650898548,
"plusRot":9.48814207974177,
"plusPitch":19.747682557826874,
"detX":219.84631039295428,
"detY":604.0227735550537,
"detRot":40.0}