{"radius":1000.0,
"detX":59.39117461388477,
"detY":336.8240888334653,
"detRot":20.0,
"xtalX":984.807753012208,
"minusX":-9.577288676164358,
"minusY":1.6887343956414111,
"minusPitch":9.89871103162639,
"minusRot":-8.244300535636928,
"centreY":0.0,
"centrePitch":10.0,
"centreRot":0.0,
"plusX":-9.577288676164358,
"plusY":1.6887343956414111,
"plusPitch":9.89871103162639,
"plusRot":8.244300535636928}