{"radius":1000.0,
"detX":129.40952255126032,
"detY":482.9629131445341,
"detRot":30.0,
"xtalX":965.9258262890684,
"minusX":-9.768490491304192,
"minusY":2.61745913841616,
"minusPitch":14.833657613052438,
"minusRot":-8.736960705536742,
"centreY":0.0,
"centrePitch":15.0,
"centreRot":0.0,
"plusX":-9.768490491304192,
"plusY":2.61745913841616,
"plusPitch":14.833657613052438,
"plusRot":8.736960705536742}