{"minusX":975.2304643360434,
"minusY":1.688734395641461,
"minusRot":-8.24430053563693,
"minusPitch":9.898711031626405,
"centreX":984.8077530122079,
"centreY":2.842170943040401E-14,
"centreRot":0.0,
"centrePitch":10.000000000000002,
"plusX":975.2304643360434,
"plusY":1.688734395641461,
"plusRot":8.24430053563693,
"plusPitch":9.898711031626405,
"detX":59.391174613884765,
"detY":336.8240888334653,
"detRot":20.0}