{"minusX":895.8801040625137,
"minusY":4.862508427652131,
"minusRot":-10.572406178493534,
"minusPitch":24.626320693018208,
"centreX":906.3077870366499,
"centreY":0.0,
"centreRot":0.0,
"centrePitch":24.999999999999996,
"plusX":895.8801040625137,
"plusY":4.862508427652131,
"plusRot":10.572406178493534,
"plusPitch":24.626320693018208,
"detX":323.7443709670646,
"detY":694.2720440148838,
"detRot":50.0}