{"radius":1000.0,
"detX":15.134435901338662,
"detY":172.9873939250894,
"detRot":10.0,
"xtalX":996.1946980917455,
"minusX":-9.465661986410282,
"minusY":0.8281381165788829,
"minusPitch":4.952007114012147,
"minusRot":-7.964866772149695,
"centreY":0.0,
"centrePitch":5.0,
"centreRot":0.0,
"plusX":-9.465661986410282,
"plusY":0.8281381165788829,
"plusPitch":4.952007114012147,
"plusRot":7.964866772149695}