{"radius":1000.0,
"detX":219.84631039295428,
"detY":604.0227735550537,
"detRot":40.0,
"xtalX":939.6926207859083,
"minusX":-10.047609135596986,
"minusY":3.657030650898516,
"minusPitch":19.747682557826877,
"minusRot":-9.488142079741767,
"centreY":0.0,
"centrePitch":20.0,
"centreRot":0.0,
"plusX":-10.047609135596986,
"plusY":3.657030650898516,
"plusPitch":19.747682557826877,
"plusRot":9.488142079741767}