{"minusX":986.7290361053351,
"minusY":0.828138116579197,
"minusRot":-7.964866772149695,
"minusPitch":4.952007114012142,
"centreX":996.1946980917454,
"centreY":1.4210854715202004E-14,
"centreRot":0.0,
"centrePitch":4.999999999999995,
"plusX":986.7290361053351,
"plusY":0.828138116579197,
"plusRot":7.964866772149695,
"plusPitch":4.952007114012142,
"detX":15.134435901338662,
"detY":172.9873939250894,
"detRot":10.0}